mu =

    6.1484


sigma =

    0.6230


best =

    3.7309


worst =

    8.0657